345600         -16386806.5752201          10613431.5190689          -18174937.669097
346500         -18308361.2296592          10336036.1537834         -16374816.0405835
347400         -20025743.6372222          10165983.2374551         -14295745.5096816
348300         -21503718.4736737          10075766.4571795         -11972419.3658256
349200         -22713862.5068196          10032662.1616772         -9443900.60970022
350100         -23635574.8643493          10000110.7513359         -6753013.87053352
351000         -24256807.1845347           9939269.0145469          -3945657.5698392
351900          -24574480.869549          9810675.71183664         -1070044.52274699
352800         -24594569.8922416          9575966.45904585          1824118.40225738
353700         -24331840.2851933          9199570.01145726          4686498.47591641
354600         -23809251.1196648           8650316.7709839          7467037.69047794
355500         -23057035.9045901          7902891.99950945          10116868.1411645
356400         -22111497.2541658          6939070.96094014          12589222.8907713
357300         -21013560.6807281          5748681.00589823          14840321.8287243
358200         -19807144.7470959          4330246.24465334          16830211.5468852
359100         -18537413.8769014          2691283.52275319          18523538.5456502
360000          -17248986.283719          848233.336062376          19890236.2062836
360900         -15984172.2977029         -1173974.63857618          20906107.9156225
361800         -14781317.5920262         -3342705.40264872           21553291.444619
362700         -13673321.4077099         -5618720.18822996          21820593.0477252
363600         -12686392.0502313           -7957549.773903           21703683.595551
364500         -11839091.1001435         -10311081.6668707           21205153.183712
365400          -11141704.557911          -12629294.169741          20334424.8531897
366300         -10595964.2781643         -14862064.5966826          19107532.0966528
367200         -10195127.3725178         -16960976.6969599          17546768.5107991
368100         -9924405.61916923         -18881053.6784674          15680221.1219587
369000         -9761722.11154137         -20582347.8818737          13541201.4411213
369900         -9678759.10729766          -22031325.739622           11167590.126814
370800         -9642249.86391733         -23201996.6295418          8601112.23347952
371700         -9615458.56570835         -24076745.9806742          5886560.43070274
372600         -9559786.48795127         -24646845.8545476          3070983.36608089
373500         -9436439.37298844         -24912629.5650407          202855.612398231
374400         -9208090.53369562         -24883330.1194915         -2668755.49347631
375300         -8840476.25893026         -24576594.8442464         -5495012.22175805
376200         -8303864.39454046         -24017700.0730866          -8228105.6960699
377100         -7574343.17837661         -23238499.8988204           -10822021.28672
378000         -6634885.15692898         -22276151.4842029         -13233260.9790696
378900         -5476149.93850635         -21171666.1521784         -15421514.9776647
379800         -4096999.28960265         -19968340.3546531         -17350276.0639383
380700         -2504708.32735152         -18710123.6398052         -18987391.2771366
381600         -714867.001265376         -17439981.9307033         -20305546.3252115
382500          1249023.57811049         -16198313.8544382         -21282678.7636038
383400          3356245.35999469         -15021475.6035813         -21902316.4300766
384300          5569824.01046466         -13940465.9677067         -22153837.9306061
385200           7847723.1240458           -12979817.84834         -22032652.1841245
386100          10144231.2694984         -12156735.8845908         -21540294.2080742
387000          12411494.4291934         -11480511.8990428          -20684434.524425
387900          14601140.9716284         -10952240.8745067         -19478799.8501167
388800          16665942.3588068         -10564850.2676326          -17943003.169365
389700          18561450.5098695         -10303444.8649475         -16102281.9256562
390600          20247552.2826724         -10145958.3416999         -13987143.9676429
391500          21689883.0356815         -10064091.4919838         -11632922.0716981
392400          22861044.7955193         -10024506.1071524         -9079239.36322444
393300          23741580.2275261         -9990233.08233311         -6369389.76570947
394200          24320661.3607274         -9922243.95969648         -3549639.69207156
395100          24596461.7354566         -9781127.22610141         -668459.499867314
396000          24576192.0949672         -9528804.72513459          2224304.32583999
396900          24275792.5879054         -9130219.94222692          5078302.83442884
397800          23719288.2243377         -8554929.03387608          7843588.34041108
398700          22937828.4630229         -7778527.55292938          10471530.3653718
399600          21968445.6436239          -6783850.9880658          12915724.2761226
400500          20852579.8035927         -5561895.43588292          15132872.0190944
401400          19634428.5171252         -4112415.72031689          17083613.9653618
402300          18359189.0899211         -2444171.63736958          18733291.2853937
403200          17071266.1668213         -574808.126319816          20052619.5113878
404100          15812520.1416159           1469628.7014658           21018256.006334
405000          14620630.4775874          3655521.45967758          21613246.8730862
405900          13527643.1552342          5942823.54157464           21827342.278832
406800          12558763.1926381           8286465.6029446          21657173.0690685
407700          11731441.9838144          10637967.1383423          21106285.6965228
408600          11054795.7039984          12947185.1710275          20185036.6748824
409500          10529376.0036527          15164126.8044984          18910351.7684051
410400          10147298.4919275          17240750.6709664          17305358.7511154
411300          9892718.93888166          19132684.1227025          15398905.6539475
412200          9742632.49292556          20800788.1009651          13224978.8519645
413100          9667958.19846016          22212509.5649011          10822037.0655526
414000          9634860.24788381          23342971.6207183          8232278.34988686
414900          9606249.08666391          24175763.4322728           5500857.4635568
415800          9543399.91519174          24703404.9623953          2675070.71606146
416700          9407623.34174013          24927474.9510551         -196475.401250524
417600          9161922.84247486          24858403.6963175         -3064696.67524994
418500           8772576.0705029            24514944.66045         -5880851.03424871
419400          8210581.63829898          23923350.2636004         -8597333.70212027
420300          7452919.43721956          23116287.1366283         -11168437.1359529
421200           6483580.4908118          22131534.3629353         -13551066.7829333
422100          5294331.39988272           21010514.711421         -15705405.1029379
423000          3885188.27594675           19796713.485394         -17595517.5332679
423900          2264585.34962106          18534042.3785288         -19189895.0941359
424800          449233.885621577          17265206.6741626         -20461929.1411149
425700         -1536322.62976912          16030133.3134581         -21390314.3750435
426600         -3660441.07803347          14864514.8761542         -21959376.6476048
427500         -5885373.70509702          13798520.4629474         -22159322.3916642
428400         -8168491.50346227          12855718.9496705         -21986406.7091327
429300         -10463694.2628828          12052253.2193587         -21443017.3229976
430200         -12722959.0202302          11396295.9023467         -20537671.8059729
431100         -14897973.4127771          10887808.0195749         -19284925.7995871