345600.000	-16385172.181	10614118.553	-18176164.489
346500.000	-18306995.896	10336563.804	-16376364.051
347400.000	-20024697.287	10166369.006	-14297564.671
348300.000	-21503027.428	10076033.286	-11974451.150
349200.000	-22713546.917	10032836.969	-9446081.839
350100.000	-23635637.732	10000222.844	-6755281.042
351000.000	-24257235.063	9939348.639	-3947951.073
351900.000	-24575246.101	9810752.954	-1072312.171
352800.000	-24595633.993	9576070.630	1821919.036
353700.000	-24333157.961	9199729.493	4684399.240
354600.000	-23810774.295	8650559.173	7465060.653
355500.000	-23058717.226	7903244.352	10115027.829
356400.000	-22113292.646	6939559.619	12587529.579
357300.000	-21015430.749	5749330.965	14838785.283
358200.000	-19809055.070	4331079.681	16828844.536
359100.000	-18539334.415	2692317.563	18522359.474
360000.000	-17250890.306	849477.260	19889270.334
360900.000	-15986035.260	-1172522.357	20905386.880
361800.000	-14783116.350	-3341059.669	21552851.061
362700.000	-13675034.028	-5616910.920	21820469.671
363600.000	-12687998.286	-7955622.089	21703909.572
364500.000	-11840573.411	-10309094.348	21205752.083
365400.000	-11143049.423	-12627316.369	20335407.223
366300.000	-10597163.450	-14860171.047	19108892.410
367200.000	-10196178.759	-16959241.964	17548483.803
368100.000	-9925313.544	-18879546.139	15682251.556
369000.000	-9762496.866	-20581124.205	13543492.745
369900.000	-9679415.857	-22030426.559	11170077.596
370800.000	-9642807.113	-23201443.914	8603725.750
371700.000	-9615936.466	-24076542.369	5889229.835
372600.000	-9560205.306	-24646975.904	3073643.497
373500.000	-9436818.346	-24913062.620	205450.388
374400.000	-9208447.272	-24884024.290	-2666270.390
375300.000	-8840826.672	-24577501.479	-5492668.305
376200.000	-8304223.018	-24018768.117	-8225922.271
377100.000	-7574723.653	-23239679.616	-10820007.451
378000.000	-6635300.582	-22277397.192	-13231418.614
378900.000	-5476612.838	-21172937.820	-15419842.205
379800.000	-4097521.022	-19969604.129	-17348770.604
380700.000	-2505297.905	-18711351.508	-18986053.188
381600.000	-715529.423	-17441150.854	-20304379.722
382500.000	1248289.219	-16199404.724	-21281692.281
383400.000	3355447.634	-15022472.337	-21901522.395
384300.000	5568980.389	-13941354.952	-22153250.404
385200.000	7846860.335	-12980587.836	-22032284.210
386100.000	10143384.530	-12157378.278	-21540154.722
387000.000	12410705.466	-11481021.283	-20684525.443
387900.000	14600454.958	-10952615.577	-19479113.839
388800.000	16665404.067	-10565092.736	-17943522.495
389700.000	18561100.157	-10303561.684	-16102978.642
390600.000	20247421.610	-10145959.832	-13987981.491
391500.000	21689992.181	-10063990.928	-11633857.989
392400.000	22861400.400	-10024318.707	-9080229.111
393300.000	23742175.063	-9989974.991	-6370390.676
394200.000	24321475.516	-9921931.461	-3550614.813
395100.000	24597465.167	-9780776.371	-669380.620
396000.000	24577348.131	-9528431.453	2223454.931
396900.000	24277061.837	-9129840.643	5077532.219
397800.000	23720632.289	-8554561.333	7842894.326
398700.000	22939212.929	-7778191.028	10470904.384
399600.000	21969841.977	-6783567.448	12915155.180
400500.000	20853965.990	-5561688.466	15132350.233
401400.000	19635788.549	-4112309.310	17083135.293
402300.000	18360511.584	-2444187.909	18732859.715
403200.000	17072542.543	-574964.396	20052248.506
404100.000	15813742.841	1469323.092	21017968.026
405000.000	14621791.610	3655067.991	21613071.140
405900.000	13528733.842	5942236.458	21827311.100
406800.000	12559773.672	8285772.457	21657317.276
407700.000	11732362.351	10637207.667	21106629.897
408600.000	11055617.034	12946408.475	20185595.069
409500.000	10530091.505	15163387.113	18911125.176
410400.000	10147904.389	17240102.219	17306333.320
411300.000	9893214.847	19132175.825	15400053.458
412200.000	9743021.209	20800458.763	13226260.289
413100.000	9668244.970	22212384.275	10823404.722
414000.000	9635051.730	23343059.791	8233681.760
414900.000	9606352.249	24176058.690	5502248.114
415800.000	9543421.183	24703886.802	2676406.603
416700.000	9407568.178	24928111.808	-195226.242
417600.000	9161795.858	24859156.925	-3063554.091
418500.000	8772381.626	24515772.789	-5879822.323
419400.000	8210324.753	23924212.945	-8596414.784
420300.000	7452606.739	23117148.303	-11167615.064
421200.000	6483220.909	22132364.279	-13550323.159
422100.000	5293936.332	21011290.828	-15704719.854
423000.000	3884771.075	19797420.202	-17594872.483
423900.000	2264160.101	18534669.965	-19189276.826
424800.000	448813.611	17265749.721	-20461330.763
425700.000	-1536728.070	16030589.079	-21389735.977
426600.000	-3660827.004	14864881.857	-21958824.447
427500.000	-5885742.167	13798797.409	-22158806.747
428400.000	-8168851.988	12855904.410	-21985939.360
429300.000	-10464063.331	12052345.567	-21442608.323
430200.000	-12723358.783	11396293.690	-20537326.664
431100.000	-14898428.992	10887710.457	-19284643.326
